0               123              ##   0
2               1234             ##   2468
4               809              ##   3236
9               809              ##   7281
9               8                ##   72
9               0                ##   0
3               2                ##   6
4               5                ##   20
11              2                ##   22
1               9                ##   9
7               4                ##   28
888             777              ##   689976
432             6456             ##   2788992
123423423       12354387989      ##   1524820854672466347
